942 -20.0
2020 -19.0
3434 -17.0
4269 -21.0
5152 -21.0
6095 -21.0
7247 -20.0
8060 -21.0
9015 -21.0
9903 -21.0
10848 -21.0
12213 -19.0
13767 -13.0
15128 -18.0
16375 -21.0
17416 -21.0
18743 -18.0
19954 -18.0
21225 -18.0
22149 -21.0
23101 -21.0
24890 -13.0
26010 -20.0
27317 -16.0
28738 -20.0
29998 -18.0
31533 -19.0
32860 -19.0
34169 -20.0
35886 -14.0
37151 -16.0
38897 -15.0
40120 -19.0
41514 -18.0
43262 -15.0
44467 -21.0
45666 -20.0
47559 -14.0
49684 -11.0
51558 -13.0
52955 -17.0
54737 -14.0
56557 -11.0
58399 -13.0
60176 -13.0
61965 -15.0
63761 -13.0
65437 -13.0
67278 -13.0
69287 -11.0
71066 -13.0
72963 -14.0
74953 -13.0
76891 -13.0
77785 -21.0
79341 -15.0
81466 -9.0
83141 -17.0
85270 -9.0
87573 -12.0
89711 -8.0
91859 -9.0
93514 -16.0
94987 -14.0
96889 -12.0
98783 -13.0
100605 -15.0
102540 -14.0
104777 -9.0
106703 -12.0
108733 -10.0
110971 -8.0
112909 -13.0
115185 -6.0
117224 -10.0
119033 -14.0
120909 -15.0
122794 -12.0
124922 -11.0
127246 -6.0
129090 -14.0
131440 -9.0
133562 -10.0
135108 -15.0
137091 -10.0
138865 -16.0
140385 -16.0
142497 -8.0
144403 -11.0
146540 -6.0
148033 -14.0
149964 -14.0
151609 -14.0
153826 -10.0
155423 -15.0
157346 -12.0
159287 -11.0
161913 -5.0
163981 -11.0
166376 -6.0
168596 -10.0
170047 -15.0
172200 -12.0
174738 -9.0
176742 -14.0
178786 -9.0
180715 -12.0
182314 -18.0
184794 -6.0
186654 -15.0
188858 -10.0
190976 -12.0
192939 -12.0
195197 -9.0
197027 -13.0
198950 -12.0
201600 -4.0
203773 -11.0
206689 -3.0
208716 -14.0
210873 -10.0
213064 -8.0
215390 -7.0
217201 -15.0
219598 -9.0
222466 -7.0
224881 -8.0
227911 -4.0
230162 -9.0
232659 -8.0
235070 -6.0
237610 -7.0
239903 -10.0
242334 -9.0
244674 -11.0
247299 -6.0
250414 -4.0
252038 -16.0
254770 -5.0
258006 -2.0
260701 -4.0
263443 -3.0
266017 -6.0
268539 -9.0
271048 -9.0
273477 -8.0
276406 -2.0
278924 -6.0
281456 -10.0
284320 -3.0
287136 7.0
289487 -9.0
292221 -2.0
294586 -9.0
297279 -8.0
299932 -7.0
302235 -12.0
305144 -6.0
307865 -8.0
310611 -4.0
312828 -11.0
315720 -1.0
317616 -19.0
320272 -5.0
322722 -7.0
325016 -9.0
327159 -11.0
329537 -7.0
332387 -4.0
335148 -5.0
337486 -11.0
340166 -5.0
342933 -7.0
345351 9.0
347941 -8.0
350432 -10.0
352941 -9.0
355660 -6.0
358712 -5.0
361288 8.0
364550 -3.0
367711 -4.0
370339 -7.0
373154 -1.0
376183 3.0
379399 -6.0
382764 -1.0
385740 -3.0
388497 -5.0
391442 -5.0
394165 -5.0
396815 9.0
399770 -5.0
402253 9.0
404874 -10.0
407800 1.0
410739 3.0
413405 6.0
416400 -1.0
419050 -6.0
422059 1.0
425047 3.0
427595 -5.0
430180 -5.0
433778 -1.0
436279 -7.0
439106 -7.0
442158 -3.0
445451 1.0
448539 -7.0
451687 -10.0
454612 -2.0
457484 -7.0
459916 -10.0
463070 -1.0
465870 -4.0
467890 -12.0
471054 -4.0
473662 -9.0
476651 -5.0
478908 -11.0
482102 1.0
485166 -3.0
487869 -5.0
490791 -3.0
493888 -4.0
497003 -1.0
500148 -2.0
502711 -8.0
505762 -3.0
508542 -5.0
511859 -3.0
515132 -2.0
517812 -10.0
520001 -13.0
522653 -6.0
525269 -8.0
527370 -14.0
530347 -4.0
532833 -12.0
535273 -7.0
538324 -1.0
540245 -14.0
542913 -9.0
545388 10.0
548253 4.0
551316 -4.0
553620 13.0
556755 -4.0
559353 -6.0
561844 -9.0
564849 -3.0
567853 3.0
570272 -9.0
573079 4.0
575939 6.0
578542 -7.0
580727 12.0
583682 -4.0
586100 -8.0
587662 -16.0
590322 6.0
593933 -1.0
596679 -4.0
599467 9.0
601736 -9.0
604561 -1.0
607207 7.0
610077 -4.0
612830 -5.0
616274 7.0
619434 -1.0
622298 -6.0
625252 -1.0
627660 10.0
630334 -5.0
633390 -5.0
636455 -2.0
639162 -8.0
641441 -9.0
644416 4.0
647321 3.0
649882 -7.0
652281 8.0
654671 13.0
657844 2.0
660494 6.0
663593 4.0
666860 1.0
669642 2.0
672499 -6.0
674625 14.0
677534 -4.0
680209 6.0
683245 -1.0
686313 3.0
689485 2.0
692535 -2.0
694442 18.0
697555 1.0
700627 3.0
703411 6.0
706647 1.0
709954 -3.0
713000 1.0
715324 16.0
717848 11.0
721006 3.0
723887 7.0
726279 -9.0
729200 3.0
731661 14.0
734805 -2.0
737652 -4.0
739640 16.0
742452 -4.0
745848 3.0
749026 3.0
751601 -5.0
754303 -3.0
757623 -1.0
760023 11.0
762309 13.0
765172 5.0
767939 7.0
770852 6.0
773688 2.0
776573 -4.0
778864 12.0
781772 -4.0
784941 -1.0
787670 -4.0
790908 -6.0
793633 6.0
796622 4.0
799762 3.0
802381 7.0
805692 -1.0
808494 10.0
811774 -1.0
814487 9.0
817492 7.0
820423 4.0
823090 9.0
826256 -1.0
829590 2.0
831948 -9.0
835027 -3.0
838314 4.0
841163 -4.0
844180 7.0
846923 4.0
850031 -3.0
853644 1.0
856534 2.0
859053 10.0
861488 10.0
863897 12.0
866792 6.0
869387 -6.0
872076 6.0
875216 -2.0
878165 4.0
880925 -6.0
883954 1.0
886956 -1.0
889853 5.0
892068 14.0
894714 -8.0
896968 13.0
899695 8.0
902381 8.0
905485 -2.0
907816 11.0
909940 17.0
912288 13.0
915224 8.0
917809 6.0
920869 6.0
923744 6.0
926826 2.0
929744 4.0
931783 16.0
933972 13.0
936675 5.0
939724 1.0
941693 16.0
944243 7.0
946120 18.0
948543 10.0
951277 8.0
953134 17.0
955955 5.0
958302 10.0
960885 -6.0
962939 16.0
965213 14.0
968037 4.0
970278 11.0
972374 15.0
974702 11.0
977412 10.0
980086 8.0
982470 11.0
985006 6.0
987701 9.0
989997 17.0
992342 13.0
994480 13.0
996773 10.0
998826 16.0
